     0/199     4.95G    0.1175    0.1018   0.05004    0.2693       141       416         0         0  0.007365 0.0009316   0.09163   0.03996   0.04323
     1/199     4.96G    0.1134    0.1077   0.04976    0.2709       184       416         0         0  0.006901 0.0009632   0.09084   0.03957   0.04245
     2/199     4.96G    0.1093    0.1281   0.04917    0.2865       161       416         0         0  0.004523 0.0008533   0.09077   0.04009   0.04076
     3/199     4.96G    0.1058    0.1253   0.04697    0.2781       159       416         0         0  0.009389  0.001497   0.08758   0.04244   0.03919
     4/199     4.96G    0.1015     0.126   0.04618    0.2736       149       416      0.25   0.00641   0.02912  0.004903   0.08289   0.04473   0.03804
     5/199     4.96G   0.09758     0.121    0.0454     0.264       102       416    0.0728   0.03141   0.05119   0.01061   0.07762   0.04682   0.03743
     6/199     4.96G    0.0941    0.1362   0.04425    0.2746       138       416   0.09094    0.1726    0.1163   0.02612   0.07096   0.05023   0.03669
     7/199     4.96G   0.09039    0.1259   0.04291    0.2592       139       416   0.08084    0.6998    0.1695   0.04601   0.06307   0.05456   0.03539
     8/199     4.96G   0.08585    0.1211   0.04205     0.249       173       416   0.04505    0.7697    0.1911   0.04949   0.05967   0.05695   0.03368
     9/199     4.96G    0.0815      0.11   0.04097    0.2325       125       416   0.04194    0.8609    0.2739    0.1132   0.05611   0.05379   0.03119
    10/199     4.96G   0.07713    0.1082   0.03926    0.2246       209       416   0.03933    0.9244    0.4523    0.1688   0.04972   0.05027   0.02913
    11/199     4.96G   0.07108    0.1084   0.03879    0.2183       121       416   0.04201    0.9506    0.4201    0.1623   0.04674   0.04833    0.0266
    12/199     4.96G   0.07226    0.1141   0.03702    0.2233       168       416    0.0574    0.9872    0.5618    0.2078   0.04674   0.04361   0.02641
    13/199     4.96G   0.06767    0.1062   0.03415     0.208       123       416   0.05661    0.9936    0.5476    0.2254   0.04742   0.04091   0.02609
    14/199     4.96G   0.06343    0.1058   0.03307    0.2023       173       416   0.07605         1    0.6677    0.3507   0.04123   0.03705   0.02537
    15/199     4.96G   0.06164    0.1027    0.0317    0.1961       155       416   0.08485         1    0.7163    0.3483   0.03946   0.03532   0.02198
    16/199     4.96G   0.06017    0.1106   0.03073    0.2015       183       416   0.09688         1    0.7354    0.3806   0.03731   0.03495   0.01931
    17/199     4.96G   0.05917    0.1003   0.02932    0.1888       151       416    0.1377         1    0.7746    0.4443   0.03419   0.03221   0.01901
    18/199     4.96G   0.05656   0.09916   0.02778    0.1835       138       416    0.1506         1    0.8184    0.4613    0.0376   0.03372    0.0168
    19/199     4.96G   0.05823   0.09571    0.0272    0.1811       133       416    0.1491    0.9936    0.8509    0.3981   0.03713   0.03442   0.01694
    20/199     4.96G   0.05687    0.1029   0.02447    0.1843       130       416    0.1209    0.9622    0.7009     0.265   0.03915   0.03238   0.01557
    21/199     4.96G   0.05631   0.09312   0.02301    0.1724       145       416    0.1549    0.9936    0.8333    0.4728   0.03732   0.03413   0.01496
    22/199     4.96G   0.05523    0.1007   0.02246    0.1784       194       416     0.187    0.9936    0.8983    0.4572   0.03911   0.03684   0.01347
    23/199     4.96G   0.05578   0.09859   0.02128    0.1756       163       416    0.1857         1    0.8662    0.4811   0.03994   0.03539    0.0113
    24/199     4.96G   0.05549   0.09677   0.01952    0.1718       155       416    0.2042    0.9936    0.8808    0.4693   0.03756   0.03383   0.01111
    25/199     4.96G   0.05621    0.0967   0.01831    0.1712       156       416    0.2295    0.9872    0.9071    0.5085   0.03873   0.02947  0.008724
    26/199     4.96G   0.05562   0.09717   0.01674    0.1695       168       416    0.2327         1    0.9457    0.5887   0.03832   0.03512  0.008862
    27/199     4.96G   0.05247   0.09041   0.01545    0.1583       215       416    0.2102         1    0.9243    0.5665   0.03568   0.03302  0.009019
    28/199     4.96G   0.05434   0.09496   0.01464    0.1639       138       416    0.2564    0.9936    0.9396    0.4915   0.03686    0.0335  0.007086
    29/199     4.96G   0.05262   0.09038   0.01246    0.1555       141       416    0.2843    0.9872    0.9308    0.5772   0.03605   0.03078  0.006192
    30/199     4.96G   0.05285   0.09576   0.01316    0.1618       147       416    0.3084         1    0.9606    0.5323   0.03621   0.03167  0.006051
    31/199     4.96G   0.05026   0.09447   0.01106    0.1558       151       416    0.2598         1     0.942    0.4837   0.03727   0.02983  0.005948
    32/199     4.96G   0.05201    0.0962   0.01088    0.1591       139       416    0.2702    0.9936    0.9581    0.5741   0.03301   0.02823  0.006317
    33/199     4.96G   0.05143   0.07878   0.01119    0.1414       144       416    0.2883    0.9808    0.9051    0.5711    0.0351   0.02527  0.006514
    34/199     4.96G   0.05166   0.09346  0.009431    0.1545       178       416    0.3217     0.975     0.853    0.4491   0.03194   0.03012  0.005473
    35/199     4.96G    0.0503    0.0925  0.008306    0.1511       175       416    0.4057    0.9936    0.9412    0.5961   0.03715   0.03281  0.004218
    36/199     4.96G   0.04788   0.09038  0.009231    0.1475       112       416    0.3862    0.9936    0.9555    0.5884   0.03882    0.0341  0.004214
    37/199     4.96G   0.05004   0.08929  0.007523    0.1469       155       416    0.4252    0.9936    0.9556    0.5801   0.03436   0.03243  0.004336
    38/199     4.96G   0.04862   0.08462  0.007521    0.1408       116       416    0.4522    0.9872    0.9501    0.5787   0.03085    0.0234  0.007767
    39/199     4.96G   0.05058   0.09245  0.007103    0.1501       168       416    0.3361    0.9872    0.9543     0.572   0.03055   0.02459  0.006016
    40/199     4.96G   0.05029   0.09007  0.007611     0.148       117       416    0.4539    0.9808    0.9592      0.41   0.03392   0.02881  0.003521
    41/199     4.96G   0.04883     0.086  0.006694    0.1415       150       416     0.418         1    0.9529    0.6275   0.02859   0.02567  0.003652
    42/199     4.96G    0.0495   0.08932  0.006694    0.1455       167       416    0.5016    0.9808    0.9331    0.6235   0.03593   0.03047  0.003159
    43/199     4.96G   0.04652   0.09188  0.006472    0.1449       152       416    0.4014         1    0.9685    0.5913   0.03493   0.03664  0.003269
    44/199     4.96G   0.04566   0.09038   0.00553    0.1416       187       416     0.452         1    0.9835    0.6044   0.03537   0.03393  0.003035
    45/199     4.96G   0.04575   0.08428  0.006154    0.1362       122       416    0.4178    0.9936    0.9731    0.6446   0.03201     0.027  0.003782
    46/199     4.96G   0.04636   0.08494   0.00586    0.1372       159       416    0.5426    0.9872    0.9617    0.6542    0.0309   0.03145  0.003035
    47/199     4.96G   0.04475   0.08271  0.004985    0.1324       132       416    0.5944    0.9936    0.9691    0.6128   0.02818   0.02422  0.003213
    48/199     4.96G   0.04312   0.07737  0.005447    0.1259       172       416    0.5537         1    0.9702    0.6033   0.03299   0.02884  0.002777
    49/199     4.96G   0.04616   0.09808   0.00487    0.1491       210       416    0.4468    0.9936    0.9389    0.6034    0.0324    0.0301  0.003823
    50/199     4.96G   0.04415   0.08526  0.005371    0.1348       150       416    0.5851    0.9795    0.9569    0.6879   0.02958   0.02847  0.003623
    51/199     4.96G   0.04561   0.08966  0.005188    0.1405       205       416    0.5813    0.9936    0.9742    0.5986     0.028    0.0282  0.004103
    52/199     4.96G   0.04211   0.07848  0.005491    0.1261       132       416    0.5226    0.9744    0.9611    0.6005   0.02749   0.02415  0.005754
    53/199     4.96G   0.04381   0.08089  0.005514    0.1302       113       416    0.5696    0.9936    0.9777     0.638   0.03999   0.03708  0.002678
    54/199     4.96G   0.04215   0.08403  0.004549    0.1307       160       416    0.4978    0.9936    0.9645    0.6269   0.03864   0.03716  0.002964
    55/199     4.96G    0.0416   0.07661  0.004912    0.1231       139       416    0.6394         1    0.9708    0.6513    0.0388   0.03523  0.002749
    56/199     4.96G   0.04106   0.07793  0.004494    0.1235       119       416     0.515         1    0.9718    0.6466   0.03272   0.04012  0.002415
    57/199     4.96G   0.04302   0.09111  0.004569    0.1387       143       416    0.6312    0.9872    0.9644    0.6073   0.03176   0.03338  0.002365
    58/199     4.96G   0.04044   0.08445  0.004119     0.129       120       416    0.5977    0.9808    0.9585    0.6271   0.03015   0.02477  0.003068
    59/199     4.96G   0.04349   0.08222  0.004119    0.1298       158       416    0.6386    0.9686     0.963    0.5742    0.0308   0.03043  0.002725
    60/199     4.96G   0.04096   0.08167  0.004474    0.1271       187       416    0.6034    0.9872    0.9628     0.661   0.03173    0.0397  0.002606
    61/199     4.96G    0.0392   0.07203  0.004253    0.1155       179       416    0.5591    0.9864    0.9701     0.629   0.02578   0.02466  0.003531
    62/199     4.96G   0.04562   0.07475  0.003877    0.1242       121       416    0.3236    0.9558     0.773    0.4828   0.04274   0.02457  0.003514
    63/199     4.96G   0.06186   0.08019  0.005438    0.1475       196       416    0.3537    0.9686    0.9041    0.5682   0.02849   0.02412  0.004608
    64/199     4.96G   0.05078   0.07434  0.005097    0.1302       132       416     0.382    0.9622    0.8844    0.5424   0.03185   0.02468  0.004632
    65/199     4.96G   0.05012   0.07642  0.005105    0.1316       183       416    0.4987    0.9558    0.9337    0.5376   0.03164   0.02615  0.003591
    66/199     4.96G   0.04708   0.08379  0.004715    0.1356       164       416    0.5966    0.9689    0.9495    0.6025   0.03269   0.02644  0.003064
    67/199     4.96G   0.04925   0.07665  0.004603    0.1305       192       416    0.5219    0.9936    0.9092    0.5678   0.03791   0.02279  0.003219
    68/199     4.96G   0.04852    0.0824   0.00442    0.1353       166       416    0.4746    0.9936    0.8789    0.4195   0.04499   0.03642    0.0028
    69/199     4.96G   0.04618   0.08208  0.004367    0.1326       150       416    0.3872    0.9686    0.9005    0.4703   0.04459   0.03928  0.003225
    70/199     4.96G   0.04835   0.07587  0.004485    0.1287       160       416     0.522    0.9622    0.9543    0.5995   0.04355   0.03873   0.00279
    71/199     4.96G   0.04394   0.07966   0.00422    0.1278       140       416    0.4801    0.9808    0.9415     0.586   0.03755   0.03181  0.002755
    72/199     4.96G   0.04443   0.07156  0.004649    0.1206       146       416    0.4579    0.9872    0.9639    0.5626   0.03808   0.02651  0.002922
    73/199     4.96G    0.0461   0.07846  0.004576    0.1291       134       416    0.4527    0.9744    0.9512    0.5676   0.03854   0.02937  0.002622
    74/199     4.96G   0.04557   0.07446  0.004016     0.124       138       416    0.4913    0.9936    0.9527    0.5371    0.0369   0.02715  0.002613
    75/199     4.96G   0.04413   0.07951  0.003808    0.1274       119       416    0.5575    0.9808    0.9522     0.658   0.03187    0.0236  0.003113
    76/199     4.96G   0.04306   0.07532  0.004012    0.1224       168       416    0.5536    0.9679    0.9528    0.6098   0.03147    0.0246  0.003255
    77/199     4.96G   0.04616   0.07136  0.004261    0.1218       153       416    0.5333    0.9872    0.9702    0.5629   0.02976   0.03065  0.002303
    78/199     4.96G   0.04395   0.07697  0.004191    0.1251       152       416    0.5473      0.97    0.9453    0.6421   0.03504   0.03646   0.00247
    79/199     4.96G   0.04096   0.07864  0.004164    0.1238       183       416    0.5388    0.9686    0.9362    0.6048   0.02897   0.03537  0.004044
    80/199     4.96G   0.04055   0.07419  0.004508    0.1193       118       416     0.639    0.9308    0.9324    0.6055   0.02965   0.04059   0.02814
    81/199     4.96G   0.04387   0.07775  0.003961    0.1256       123       416    0.5452    0.9494    0.9396    0.5395   0.02605   0.03262   0.00606
    82/199     4.96G   0.04307   0.08004    0.0038    0.1269       193       416     0.663    0.9823    0.9674    0.6574   0.03649   0.03591  0.003055
    83/199     4.96G   0.03901   0.07662  0.003825    0.1195       120       416    0.6111    0.9872    0.9582    0.5638   0.03814   0.03588  0.003098
    84/199     4.96G   0.04089   0.07405   0.00382    0.1188       143       416    0.4535    0.9872    0.9144     0.648   0.03589    0.0332  0.004036
    85/199     4.96G   0.04026   0.07933  0.003514    0.1231       143       416    0.5509    0.9744    0.9426    0.6009   0.03718    0.0389  0.003463
    86/199     4.96G   0.04077   0.07479  0.003782    0.1193       155       416    0.6685    0.9551    0.9509    0.6559   0.03006   0.03051  0.002756
    87/199     4.96G   0.03891   0.06963  0.003561    0.1121       145       416    0.6612    0.9679    0.9531    0.6502   0.03184   0.02718  0.002281
    88/199     4.96G   0.03856   0.07012  0.003565    0.1122       170       416    0.6333    0.9615    0.9365    0.5658   0.03422   0.02932  0.002267
    89/199     4.96G   0.04259   0.08048   0.00329    0.1264       209       416    0.5947         1     0.983    0.6255   0.02574   0.02371  0.002894
    90/199     4.96G   0.03723   0.07754  0.003442    0.1182       194       416    0.4991    0.8686    0.8861    0.5913   0.02606   0.02422   0.01526
    91/199     4.96G   0.04016   0.08043  0.003371     0.124       177       416    0.5944    0.9372    0.9301    0.5496   0.02954    0.0274  0.003179
    92/199     4.96G   0.04242   0.07614  0.003259    0.1218       145       416    0.6053    0.9936    0.9699    0.6899    0.0341    0.0328  0.002151
    93/199     4.96G   0.04102   0.07689  0.003084     0.121       225       416    0.5858    0.9872    0.9489    0.6107   0.02847   0.03341  0.002271
    94/199     4.96G   0.03821    0.0722  0.003889    0.1143       107       416    0.6674    0.9686    0.9651    0.6674   0.02699   0.03137  0.002679
    95/199     4.96G   0.03514   0.06924  0.003557    0.1079        95       416    0.5722    0.9872    0.9402    0.5841   0.02419   0.02974  0.003009
    96/199     4.96G   0.03591   0.08311   0.00302     0.122       173       416    0.6488    0.9872     0.964    0.6464   0.02317   0.02364  0.002489
    97/199     4.96G   0.03487   0.07741  0.002777    0.1151       195       416    0.5924    0.9936    0.9736    0.6317   0.02513   0.02386  0.002692
    98/199     4.96G   0.03881   0.07822  0.002627    0.1197       175       416    0.6508    0.9872    0.9633    0.6394    0.0243   0.02433  0.003408
    99/199     4.96G   0.03628   0.06686  0.002708    0.1058       110       416    0.6016    0.9686    0.9415     0.556   0.02765   0.02783  0.002998
   100/199     4.96G   0.03905   0.07192  0.002888    0.1139       140       416    0.5986    0.9365    0.9321    0.5655   0.02926   0.03072  0.003319
   101/199     4.96G   0.03624   0.08005   0.00297    0.1193       222       416    0.5046    0.9551    0.9338    0.5733   0.03155   0.03762  0.003573
   102/199     4.96G   0.03676   0.07186  0.003579    0.1122       167       416    0.5507    0.9365      0.93    0.6481   0.02919   0.03115  0.003512
   103/199     4.96G   0.03677   0.07295  0.003579    0.1133       116       416     0.551    0.9872     0.952    0.5702   0.03719   0.04625  0.005949
   104/199     4.96G    0.0373   0.07825  0.003257    0.1188       161       416    0.4607    0.9115    0.9206    0.6627   0.02773   0.02818   0.02397
   105/199     4.96G   0.03422   0.07185  0.003045    0.1091       120       416    0.5079    0.9429    0.9261    0.6073   0.02414   0.02717   0.00787
   106/199     4.96G   0.03375    0.0744  0.002897     0.111       142       416    0.5406    0.9872    0.9548    0.6308   0.02992   0.03801  0.004497
   107/199     4.96G   0.03442    0.0747  0.002907     0.112       184       416    0.6042    0.9808     0.968    0.6597   0.02546   0.03103  0.003487
   108/199     4.96G   0.03395   0.06899  0.002957    0.1059       153       416    0.6511    0.9872    0.9623     0.674   0.02771   0.02907  0.002933
   109/199     4.96G   0.03602   0.07493  0.002921    0.1139       185       416    0.6905    0.9744    0.9526     0.668    0.0339   0.03139  0.002475
   110/199     4.96G   0.03851   0.07112  0.002839    0.1125       120       416    0.7195    0.9744    0.9551    0.6161   0.03111   0.03078  0.002406
   111/199     4.96G   0.03901   0.07212  0.002849     0.114       129       416    0.5644    0.9744    0.9511    0.6221   0.02908    0.0324  0.002452
   112/199     4.96G    0.0317   0.07055  0.002398    0.1047       182       416    0.7318    0.9808    0.9712    0.6895   0.02828   0.03411  0.002436
   113/199     4.96G   0.03224   0.06395  0.002656   0.09885       201       416    0.6933    0.9936    0.9612    0.6371   0.02429   0.03237  0.004846
   114/199     4.96G   0.03409   0.06979  0.002654    0.1065       123       416    0.5772    0.9686    0.9703    0.6871   0.02871   0.03688   0.00341
   115/199     4.96G   0.03325   0.06717  0.002734    0.1032       147       416    0.6355    0.9936    0.9876    0.6562   0.03343   0.04233  0.002434
   116/199     4.96G   0.03323   0.07055   0.00227     0.106       120       416    0.6985    0.9698    0.9742    0.6819   0.03601   0.04599  0.002361
   117/199     4.96G   0.03176    0.0625  0.002401   0.09667       111       416    0.7339    0.9673    0.9526    0.6052    0.0297   0.04113    0.0028
   118/199     4.96G   0.03227   0.06387  0.002562    0.0987       148       416    0.6868    0.9808    0.9713    0.6634   0.02727   0.03139  0.003345
   119/199     4.96G   0.03095   0.06521  0.002417   0.09857       146       416    0.6666    0.9936    0.9812    0.6694   0.02588   0.02651  0.003283
   120/199     4.96G    0.0323   0.06231  0.002558   0.09717       135       416    0.5668    0.9494    0.9321    0.5954   0.02536   0.02467  0.005224
   121/199     4.96G   0.03432   0.07374  0.002627    0.1107       207       416     0.569    0.9872    0.9464    0.6743   0.02774   0.02533  0.004003
   122/199     4.96G    0.0339   0.07437  0.002441    0.1107       271       416    0.6534    0.9701    0.9502    0.6579   0.02632   0.02648   0.00298
   123/199     4.96G   0.03113   0.06327  0.002801   0.09719       158       416    0.6571    0.9558    0.9487    0.6858   0.02481   0.02324  0.003337
   124/199     4.96G   0.03079   0.06714  0.002398    0.1003       172       416    0.6495    0.9558     0.959    0.6412   0.02088   0.02224  0.002364
   125/199     4.96G   0.03007   0.06064  0.002435   0.09314       130       416    0.7072    0.9744    0.9577    0.6649   0.02451   0.03067  0.002091
   126/199     4.96G    0.0328   0.06803  0.002211     0.103       118       416    0.6698    0.9589    0.9456    0.6767   0.03584   0.03916  0.002386
   127/199     4.96G   0.03232   0.06569  0.002292    0.1003       113       416    0.6818    0.9494    0.9353     0.645   0.03599   0.04617  0.003391
   128/199     4.96G    0.0332   0.06801  0.002836     0.104       120       416    0.6961    0.9429    0.9372    0.6645   0.03614   0.04975  0.005226
   129/199     4.96G   0.03357   0.07235  0.002305    0.1082       240       416    0.6497    0.9622    0.9475    0.6082   0.03263   0.04561  0.007395
   130/199     4.96G   0.03114   0.06633  0.002463   0.09993       107       416    0.6713    0.9622    0.9506    0.6509   0.03038   0.04332  0.005969
   131/199     4.96G   0.02924   0.06803  0.002284   0.09955       167       416    0.6828    0.9622    0.9512    0.6555   0.02317   0.03496  0.004535
   132/199     4.96G   0.02906   0.07187  0.002158    0.1031       176       416    0.5393    0.9622     0.932    0.6292   0.02315   0.03119  0.006978
   133/199     4.96G   0.02812   0.06367  0.002234   0.09402       139       416    0.6127    0.9494    0.9514    0.6878   0.02208   0.03596  0.003288
   134/199     4.96G    0.0296   0.06307  0.002079   0.09475       159       416    0.6604    0.9679    0.9491    0.6461   0.02429   0.02857  0.004325
   135/199     4.96G    0.0298   0.05877  0.002023   0.09058       106       416    0.6601    0.9744    0.9633    0.6861   0.02216   0.02695  0.004476
   136/199     4.96G   0.02746   0.06345   0.00175   0.09266       180       416     0.668    0.9808    0.9679    0.6657   0.02413   0.02822  0.003947
   137/199     4.96G   0.02856   0.06235  0.002149   0.09306       119       416    0.6473    0.9638    0.9571     0.656     0.024   0.02996  0.003669
   138/199     4.96G   0.03106   0.07176  0.002011    0.1048       173       416    0.6516    0.9679    0.9653    0.6754   0.02496   0.02875  0.003177
   139/199     4.96G    0.0282   0.06703   0.00196   0.09719       183       416    0.6284    0.9552     0.968    0.6804   0.02459   0.02948  0.002651
   140/199     4.96G   0.02684   0.05962  0.002226   0.08869       135       416    0.6478    0.9551    0.9582    0.6902   0.02527     0.028  0.002246
   141/199     4.96G   0.02753   0.06557  0.001563   0.09466       135       416    0.6506    0.9872    0.9585    0.6981   0.02495   0.02924  0.001893
   142/199     4.96G   0.02804   0.06523  0.001624    0.0949       142       416    0.6747         1    0.9839    0.6741   0.03073   0.03294  0.001618
   143/199     4.96G   0.02791   0.06181  0.001849   0.09157       162       416    0.7054    0.9808    0.9677     0.654   0.02845   0.03373  0.001516
   144/199     4.96G   0.02759   0.06256  0.001941   0.09209       190       416    0.6984    0.9872    0.9672    0.6938   0.03135   0.03173   0.00185
   145/199     4.96G   0.02622   0.06423  0.001644   0.09209        98       416    0.6845    0.9808    0.9565     0.684   0.02724   0.03081  0.001925
   146/199     4.96G   0.02835   0.06574  0.001425   0.09552       179       416    0.6868    0.9744    0.9634    0.6762   0.02985   0.03703  0.001605
   147/199     4.96G   0.02667   0.06646  0.001563    0.0947       224       416     0.638    0.9695    0.9616    0.6956   0.02839   0.03443  0.001768
   148/199     4.96G    0.0275   0.05996  0.001933   0.08939       145       416    0.6302    0.9679    0.9601    0.6742   0.02555   0.03115  0.001913
   149/199     4.96G   0.02812   0.06813  0.001657   0.09791       143       416    0.6108    0.9744    0.9704    0.6844   0.02417   0.02756  0.001957
   150/199     4.96G   0.02693   0.06001  0.001579   0.08852       146       416    0.5937    0.9744    0.9607    0.6662   0.02528   0.02849  0.003137
   151/199     4.96G   0.02516   0.06173   0.00156   0.08846       232       416     0.598    0.9808    0.9734    0.7134   0.02566   0.03149  0.003485
   152/199     4.96G   0.02685   0.06271  0.001431   0.09099       124       416     0.635    0.9744    0.9647    0.6832   0.02699   0.03487  0.003253
   153/199     4.96G   0.02645   0.05901  0.001488   0.08695       181       416    0.6856    0.9622    0.9685    0.6989    0.0288   0.03586  0.002654
   154/199     4.96G   0.02583   0.05507  0.001409    0.0823       122       416    0.6721    0.9558    0.9622    0.6924   0.02641    0.0397   0.00256
   155/199     4.96G   0.02499   0.06016  0.001371   0.08652       199       416    0.6962    0.9558    0.9696     0.696   0.02606   0.03879  0.001852
   156/199     4.96G    0.0244   0.05806  0.001639    0.0841       111       416    0.7247    0.9808     0.971    0.7077   0.02629   0.03661   0.00206
   157/199     4.96G   0.02433   0.06012  0.001389   0.08583       191       416    0.6877    0.9808    0.9709    0.6972   0.02441   0.03013   0.00229
   158/199     4.96G   0.02379   0.06163   0.00122   0.08664       138       416    0.6797    0.9804    0.9753    0.7033   0.02447   0.03316  0.002141
   159/199     4.96G   0.02312   0.05835  0.001318   0.08278       145       416    0.7238    0.9808    0.9796    0.7246   0.02296   0.03143   0.00167
   160/199     4.96G   0.02385   0.05518  0.001495   0.08053       149       416    0.6989    0.9613    0.9517    0.6843   0.02442   0.03056  0.001629
   161/199     4.96G   0.02423    0.0602  0.001157   0.08559       213       416    0.6435    0.9622    0.9489    0.6347    0.0251   0.03947  0.002176
   162/199     4.96G   0.02352   0.05412  0.001501   0.07913       124       416    0.6583    0.9622    0.9398    0.6672   0.02595   0.04336  0.002092
   163/199     4.96G   0.02306   0.05654  0.001378   0.08098       114       416    0.6853    0.9841    0.9487    0.6331   0.02649   0.03562  0.001744
   164/199     4.96G   0.02366   0.05889  0.001225   0.08377       151       416    0.6765    0.9872    0.9732    0.6814   0.02389    0.0279  0.001661
   165/199     4.96G   0.02441   0.05649  0.001253   0.08215       111       416    0.6858     0.983    0.9695    0.6555   0.02473   0.02794  0.001747
   166/199     4.96G   0.02483   0.06085  0.001383   0.08707       200       416    0.5879    0.9558    0.9599    0.6708   0.02509    0.0263  0.001784
   167/199     4.96G   0.02404    0.0615  0.001157   0.08669       126       416    0.5926    0.9872    0.9724    0.6583   0.02534   0.03002  0.001505
   168/199     4.96G   0.02385   0.05822  0.001359   0.08343       150       416    0.6468    0.9744    0.9683    0.6791   0.02486   0.02833  0.001515
   169/199     4.96G   0.02225   0.05496  0.001527   0.07874       142       416    0.7026    0.9863    0.9626    0.6784   0.02411   0.02803  0.001679
   170/199     4.96G   0.02178   0.05645  0.001239   0.07947       118       416    0.6984    0.9936    0.9693    0.6649   0.02342   0.03028  0.001687
   171/199     4.96G   0.02191   0.05293  0.001094   0.07594       125       416    0.6334    0.9872    0.9683    0.6853   0.02557   0.03148  0.001469
   172/199     4.96G   0.02306   0.05527   0.00129   0.07962       178       416    0.6335    0.9872    0.9727     0.676   0.02594   0.03139  0.001343
   173/199     4.96G   0.02281   0.05677  0.001258   0.08084       110       416    0.6546    0.9872     0.974    0.6982   0.02469   0.03069  0.001416
   174/199     4.96G   0.02317   0.05828  0.001244   0.08269       148       416    0.6683    0.9808    0.9698    0.6794   0.02483   0.02888   0.00132
   175/199     4.96G   0.02242   0.05282  0.001244   0.07648       144       416    0.7204    0.9808    0.9711    0.6747   0.02467    0.0294   0.00128
   176/199     4.96G   0.02171   0.05431  0.001252   0.07727       162       416    0.7179    0.9872     0.979    0.6868   0.02437   0.02897  0.001311
   177/199     4.96G   0.02291   0.05892  0.001029   0.08286       167       416    0.7054    0.9872    0.9812    0.6934    0.0258   0.03151  0.001236
   178/199     4.96G   0.02126   0.05711  0.001037    0.0794       140       416    0.7184    0.9744    0.9816    0.6895   0.02857   0.03445  0.001048
   179/199     4.96G   0.02209   0.05564 0.0009886   0.07871       144       416    0.7285    0.9704    0.9726    0.6831   0.03087   0.04166  0.001135
   180/199     4.96G   0.02145   0.05078  0.001023   0.07325       159       416    0.6779    0.9615    0.9651    0.6934    0.0304   0.04284  0.001358
   181/199     4.96G   0.02087    0.0491 0.0009751   0.07095        98       416    0.6633    0.9679    0.9708    0.6834   0.02859   0.04108  0.001481
   182/199     4.96G   0.02101   0.05445 0.0009964   0.07646       158       416    0.6989    0.9872    0.9803      0.69   0.02735    0.0348  0.001288
   183/199     4.96G   0.02088   0.05178   0.00103   0.07369       107       416    0.7223     0.975    0.9827    0.6744   0.02663    0.0335  0.001392
   184/199     4.96G   0.02003   0.04586  0.001066   0.06696       120       416    0.7846    0.9992    0.9851    0.6844   0.02539   0.03928   0.00147
   185/199     4.96G   0.02105   0.05282 0.0008681   0.07474       152       416    0.7622         1    0.9833    0.6961   0.02571   0.04666  0.001484
   186/199     4.96G   0.02233   0.05644  0.001123   0.07989       134       416    0.7461    0.9936    0.9864    0.6911   0.02371   0.03928  0.001375
   187/199     4.96G   0.02128   0.05442  0.001334   0.07703       152       416    0.7087    0.9808    0.9737    0.6849   0.02319   0.03036  0.001311
   188/199     4.96G   0.02024   0.04503 0.0009425   0.06621       105       416    0.6984    0.9744    0.9678    0.6888   0.02471   0.03084  0.001456
   189/199     4.96G   0.02196   0.05484  0.001044   0.07784       198       416     0.716    0.9808    0.9725    0.6738   0.02495   0.04065  0.001362
   190/199     4.96G   0.02203   0.05424  0.001317   0.07758       174       416    0.7341    0.9808    0.9807    0.7063   0.02431   0.03541  0.001249
   191/199     4.96G   0.02091     0.054  0.001229   0.07614       229       416    0.7313    0.9744    0.9743    0.7105   0.02396   0.03346 0.0008803
   192/199     4.96G   0.02146   0.05416   0.00121   0.07682       197       416    0.7251    0.9744    0.9754    0.6879   0.02392     0.029 0.0009361
   193/199     4.96G   0.02105   0.05198  0.001168    0.0742       103       416    0.6887    0.9765     0.975    0.7064   0.02339   0.02697  0.001083
   194/199     4.96G   0.02054   0.05163  0.001149   0.07332       136       416    0.6739    0.9808    0.9714    0.6902   0.02434   0.02663  0.001164
   195/199     4.96G   0.02083   0.05265  0.001212    0.0747       167       416    0.6717    0.9679    0.9696    0.7097   0.02347    0.0271  0.001401
   196/199     4.96G   0.02075   0.05419  0.001117   0.07605       153       416    0.7247    0.9744    0.9717    0.6957   0.02545   0.02834  0.001467
   197/199     4.96G   0.02048   0.04968  0.001082   0.07124       165       416    0.7452    0.9744    0.9705    0.7206   0.02521   0.02963  0.001551
   198/199     4.96G   0.02167   0.05176 0.0009574   0.07438       148       416    0.7201    0.9744    0.9721     0.709   0.02674   0.02937  0.001544
   199/199     4.96G    0.0212   0.05193 0.0009166   0.07405       182       416    0.7025    0.9744    0.9693    0.7012   0.02601   0.02912  0.001494
